chi2: 0.1134697312277
llh: -3.73248899843254
simulation_files:
- _simulations.tsv
tol_chi2: 0.001
tol_llh: 0.001
tol_simulations: 0.001
