chi2: 4.0
llh: -2.91893853320467
log_prior:
  p1: -0.6931471805599453
  p_cauchy: -2.1572823783535755
  p_chisquare: -2.235588852822384
  p_exponential: -2.7289530949678698
  p_gamma: -2.1734834432431174
  p_laplace: -2.195578334707166
  p_log_laplace: -3.3575052609801896
  p_log_normal: -2.236191597416455
  p_log_uniform: -0.937710920341978
  p_normal: -1.7126905262097305
  p_rayleigh: -1.972802141667097
  p_uniform: -1.791759469228055
simulation_files:
- _simulations.tsv
tol_chi2: 0.001
tol_llh: 0.001
tol_log_prior: 1.0e-14
tol_simulations: 0.001
tol_unnorm_log_posterior: 0.001
unnorm_log_posterior: -27.111631733702236
