chi2: 7.583663328135948
llh: -4.243414369357429
simulation_files:
- _simulations.tsv
tol_chi2: 0.001
tol_llh: 0.001
tol_simulations: 0.001
