chi2: 51836.00000000021
llh: -25929.02726239856
simulation_files:
- _simulations.tsv
tol_chi2: 0.001
tol_llh: 0.001
tol_simulations: 0.001
