chi2: 0.31560314473106
llh: -0.78492623889606
simulation_files:
- _simulations.tsv
tol_chi2: 0.001
tol_llh: 0.001
tol_simulations: 0.001
