chi2: 627.9999235244495
llh: -328.70297829349954
simulation_files:
- _simulations.tsv
tol_chi2: 0.001
tol_llh: 0.001
tol_simulations: 0.001
