chi2: 168.27775262581582
llh: -98.84189284418267
simulation_files:
- _simulations.tsv
tol_chi2: 0.001
tol_llh: 0.001
tol_simulations: 0.001
