chi2: 1.5381137419081023
llh: -1.220639576243506
simulation_files:
- _simulations.tsv
tol_chi2: 0.001
tol_llh: 0.001
tol_simulations: 0.001
