chi2: 1.5094134279439457
llh: -1.2062894192614277
simulation_files:
- _simulations.tsv
tol_chi2: 0.001
tol_llh: 0.001
tol_simulations: 0.001
