chi2: 0.19795949592121423
llh: -1.9368568143699525
simulation_files:
- _simulations.tsv
tol_chi2: 0.001
tol_llh: 0.001
tol_simulations: 0.001
