chi2: 0.86367596736971
llh: -0.84750169713188
simulation_files:
- _simulations.tsv
tol_chi2: 0.001
tol_llh: 0.001
tol_simulations: 0.001
