chi2: 0.86224492511115
llh: -0.88270516784503
simulation_files:
- _simulations.tsv
tol_chi2: 0.001
tol_llh: 0.001
tol_simulations: 0.001
