chi2: 0.35410578063106
llh: -0.81095715239894
simulation_files:
- _simulations.tsv
tol_chi2: 0.001
tol_llh: 0.001
tol_simulations: 0.001
