chi2: 0.4999757102229031
llh: -0.7015705604009064
simulation_files:
- _simulations.tsv
tol_chi2: 0.001
tol_llh: 0.001
tol_simulations: 0.001
