chi2: 0.005320061701725725
llh: -5.457114639618739
simulation_files:
- _simulations.tsv
tol_chi2: 0.001
tol_llh: 0.001
tol_simulations: 0.001
