chi2: 3.64081578349326
llh: -2.72357330232554
simulation_files:
- _simulations.tsv
tol_chi2: 0.001
tol_llh: 0.001
tol_simulations: 0.001
