chi2: 0.35410578063106
llh: -1.378941036858
simulation_files:
- _simulations.tsv
tol_chi2: 0.001
tol_llh: 0.001
tol_simulations: 0.001
